6.8386E-09	6.44675E-09	1.65492E-08	1.12574E-07	2.48236E-07	3.26936E-07	2.91544E-07	1.64794E-07	4.64943E-08	7.72227E-09	6.34182E-09	7.98651E-09
1.52886E-08	1.49558E-08	4.32501E-08	2.63043E-07	5.39448E-07	6.92183E-07	6.23992E-07	3.72034E-07	1.1679E-07	1.89134E-08	1.42813E-08	1.77227E-08
2.52663E-08	2.60866E-08	8.4194E-08	4.44782E-07	8.4783E-07	1.05971E-06	9.65784E-07	6.07575E-07	2.12964E-07	3.52409E-08	2.38194E-08	2.90301E-08
6.87565E-08	7.74064E-08	2.73444E-07	1.18594E-06	2.0894E-06	2.53913E-06	2.34134E-06	1.56027E-06	6.17479E-07	1.1296E-07	6.57286E-08	7.80251E-08
9.94443E-08	1.19935E-07	4.36105E-07	1.69857E-06	2.85038E-06	3.40457E-06	3.16202E-06	2.18325E-06	9.32722E-07	1.8253E-07	9.60978E-08	1.11937E-07
1.89636E-07	2.60198E-07	9.39014E-07	3.03002E-06	4.74639E-06	5.53407E-06	5.19155E-06	3.76775E-06	1.79799E-06	4.13608E-07	1.87667E-07	2.1013E-07
2.40284E-07	3.55815E-07	1.25526E-06	3.7171E-06	5.60043E-06	6.44055E-06	6.0777E-06	4.53678E-06	2.30357E-06	5.73044E-07	2.41713E-07	2.63758E-07
4.53017E-07	7.68136E-07	2.47666E-06	6.19601E-06	8.8481E-06	9.98865E-06	9.49784E-06	7.36904E-06	4.08736E-06	1.22757E-06	4.74843E-07	4.85646E-07
6.94919E-07	1.26609E-06	3.84107E-06	8.86696E-06	1.22079E-05	1.36056E-05	1.30049E-05	1.03616E-05	6.09796E-06	2.00037E-06	7.47901E-07	7.33767E-07
8.46811E-07	1.63406E-06	4.60188E-06	9.93943E-06	1.32699E-05	1.46333E-05	1.40488E-05	1.1443E-05	7.08726E-06	2.52499E-06	9.38742E-07	8.77111E-07
1.26494E-06	2.58201E-06	6.50214E-06	1.26261E-05	1.62154E-05	1.76434E-05	1.70331E-05	1.42655E-05	9.4204E-06	3.83912E-06	1.4608E-06	1.26764E-06
2.31126E-06	4.80202E-06	1.14614E-05	2.11031E-05	2.66429E-05	2.8818E-05	2.78893E-05	2.36473E-05	1.60625E-05	7.00028E-06	2.71894E-06	2.27435E-06
3.0428E-06	6.29545E-06	1.35658E-05	2.30032E-05	2.82599E-05	3.02843E-05	2.94212E-05	2.54373E-05	1.80883E-05	8.80422E-06	3.66333E-06	2.89557E-06
4.29103E-06	8.77192E-06	1.76549E-05	2.84001E-05	3.41887E-05	3.63819E-05	3.54477E-05	3.10987E-05	2.28704E-05	1.1932E-05	5.22381E-06	3.99859E-06
5.82134E-06	1.14558E-05	2.15555E-05	3.32938E-05	3.94181E-05	4.17113E-05	4.07356E-05	3.61642E-05	2.73551E-05	1.51308E-05	7.0883E-06	5.33522E-06
7.83217E-06	1.47563E-05	2.57535E-05	3.7491E-05	4.35204E-05	4.57428E-05	4.47971E-05	4.0335E-05	3.15298E-05	1.88726E-05	9.51952E-06	7.06609E-06
8.31641E-06	1.4968E-05	2.48642E-05	3.50618E-05	4.02409E-05	4.21342E-05	4.13282E-05	3.75142E-05	2.98948E-05	1.87234E-05	1.00129E-05	7.47151E-06
1.45794E-05	2.50369E-05	3.93485E-05	5.29803E-05	5.99809E-05	6.25109E-05	6.14334E-05	5.63117E-05	4.59064E-05	3.05687E-05	1.73887E-05	1.30437E-05
1.62804E-05	2.63027E-05	3.93922E-05	5.17751E-05	5.7961E-05	6.01842E-05	5.92384E-05	5.47327E-05	4.5484E-05	3.14094E-05	1.90559E-05	1.46831E-05
2.34197E-05	3.46543E-05	4.83252E-05	6.02961E-05	6.64392E-05	6.8622E-05	6.76913E-05	6.32496E-05	5.39879E-05	4.00631E-05	2.66698E-05	2.14108E-05
2.45428E-05	3.71272E-05	5.27009E-05	6.69443E-05	7.39843E-05	7.64826E-05	7.54155E-05	7.03203E-05	5.97144E-05	4.32729E-05	2.81415E-05	2.23591E-05
3.67976E-05	4.85289E-05	6.24563E-05	7.38994E-05	8.00009E-05	8.21385E-05	8.12181E-05	7.68391E-05	6.75894E-05	5.40697E-05	4.02291E-05	3.46746E-05
3.27242E-05	4.49946E-05	5.94174E-05	7.18977E-05	7.81247E-05	8.03277E-05	7.93878E-05	7.49066E-05	6.54316E-05	5.07461E-05	3.63374E-05	3.0442E-05
3.77087E-05	4.77549E-05	5.9861E-05	6.97118E-05	7.49686E-05	7.6823E-05	7.60275E-05	7.22549E-05	6.42439E-05	5.25685E-05	4.05967E-05	3.60168E-05
5.85093E-05	6.78201E-05	8.02271E-05	9.01426E-05	9.56891E-05	9.76214E-05	9.67764E-05	9.28177E-05	8.43922E-05	7.26884E-05	6.09342E-05	5.75429E-05
5.21623E-05	6.46728E-05	7.96715E-05	9.23334E-05	9.87386E-05	0.00010097	9.99962E-05	9.54292E-05	8.56683E-05	7.06492E-05	5.5756E-05	5.00853E-05
8.32278E-05	9.41345E-05	0.000109797	0.000122481	0.000129547	0.000132098	0.000130931	0.000125889	0.000115143	0.000100238	8.58108E-05	8.27147E-05
9.26367E-05	0.000101609	0.000116153	0.000128261	0.000134955	0.000137305	0.000136264	0.000131482	0.000121315	0.000107207	9.44021E-05	9.30783E-05
7.77049E-05	8.92969E-05	0.000104951	0.000118114	0.000124939	0.000127313	0.000126274	0.000121414	0.000110996	9.54531E-05	8.0639E-05	7.67214E-05
0.000110733	0.000115492	0.000128283	0.000138992	0.000145337	0.000147571	0.000146581	0.000142045	0.000132441	0.000120233	0.000110552	0.000113727
0.000124509	0.000128836	0.000142348	0.00015401	0.000160752	0.000163129	0.000162073	0.000157246	0.000147031	0.000133809	0.000123922	0.000128285
9.68804E-05	0.000105964	0.000120685	0.000133335	0.000139917	0.000142209	0.000141195	0.000136509	0.000126462	0.000111653	9.86211E-05	9.7459E-05
0.00011888	0.000121108	0.000132541	0.000142461	0.000148312	0.000150393	0.000149472	0.000145281	0.000136399	0.000125242	0.000117569	0.000123359
0.000118887	0.000120335	0.000131119	0.000140826	0.000146371	0.000148354	0.000147478	0.000143502	0.000135065	0.000124201	0.000117279	0.000123695
0.00011497	0.000118412	0.000130186	0.0001405	0.000146253	0.000148289	0.000147387	0.000143276	0.000134501	0.00012275	0.000114228	0.000118666
0.000135327	0.000133638	0.000143545	0.000152685	0.000158146	0.000160127	0.000159255	0.000155324	0.000147006	0.000137026	0.00013215	0.000142462
0.000119285	0.00011715	0.000125402	0.000133138	0.000137772	0.000139445	0.000138707	0.000135377	0.000128345	0.000119936	0.000116222	0.000125915
0.000108416	0.000109574	0.000119033	0.000127623	0.000132394	0.00013408	0.000133329	0.000129897	0.000122668	0.000112984	0.000106894	0.000112868
0.000126905	0.000125777	0.000135177	0.000143846	0.000148846	0.000150652	0.000149856	0.000146266	0.00013861	0.000129038	0.000124113	0.000133391
0.000142383	0.000138465	0.000147224	0.000155624	0.000160625	0.000162469	0.000161664	0.000158051	0.000150372	0.000141345	0.000138168	0.000151048
0.000149891	0.000147893	0.000158382	0.000168253	0.000173816	0.000175847	0.000174954	0.000170983	0.00016235	0.000151504	0.000146331	0.000157884
0.000141601	0.000137919	0.000146624	0.000154875	0.000159772	0.000161557	0.000160772	0.000157251	0.000149733	0.000140808	0.0001375	0.000150124
0.000153761	0.000148244	0.000156674	0.000164931	0.000169887	0.000171712	0.000170914	0.000167341	0.000159727	0.000150939	0.000148678	0.00016389
0.000161654	0.00015622	0.000165233	0.000173977	0.000179151	0.000181063	0.000180226	0.000176477	0.000168464	0.000159135	0.000156464	0.000172117
0.000124937	0.000122342	0.000130236	0.000137654	0.000141908	0.000143451	0.000142771	0.000139721	0.000133167	0.00012502	0.000121595	0.00013213
0.000147061	0.000142524	0.000150813	0.000158629	0.000163338	0.000165022	0.000164272	0.000160912	0.000153692	0.000145243	0.000142515	0.000156357
0.000148669	0.000143471	0.0001514	0.000159047	0.000163617	0.000165261	0.00016453	0.000161304	0.000154243	0.00014603	0.000143823	0.000158424
0.000156342	0.000151197	0.000159644	0.000167801	0.00017255	0.0001743	0.000173536	0.000170128	0.000162769	0.000153951	0.000151384	0.000166423
0.000150416	0.000145264	0.000153183	0.000160736	0.000165222	0.000166863	0.000166144	0.000162925	0.00015599	0.000147835	0.000145566	0.00016023
0.000148405	0.000142994	0.000150537	0.000157715	0.00016203	0.000163606	0.000162915	0.000159888	0.000153147	0.00014542	0.000143486	0.000158294
0.000173491	0.000166993	0.000175613	0.000183834	0.000188759	0.000190573	0.000189782	0.000186318	0.000178599	0.000169757	0.000167672	0.000185188
0.000172721	0.000166258	0.000174749	0.000182937	0.000187753	0.000189532	0.000188758	0.000185307	0.000177807	0.000168983	0.000166938	0.000184366
0.000164715	0.000158569	0.000166585	0.000174322	0.000178839	0.000180513	0.000179787	0.000176548	0.000169498	0.000161146	0.000159212	0.000175825
0.000169186	0.000162936	0.000171107	0.000178952	0.00018353	0.000185219	0.000184484	0.000181206	0.000174059	0.00016557	0.000163567	0.000180574
0.000192884	0.000186056	0.000195429	0.000204314	0.000209503	0.000211411	0.000210578	0.000206868	0.000198758	0.000189102	0.000186615	0.000205668
0.000192801	0.000186124	0.000195468	0.00020426	0.000209389	0.000211276	0.000210452	0.000206786	0.000198757	0.000189175	0.000186607	0.000205488
0.000178869	0.00017269	0.000181267	0.000189311	0.000193988	0.000195722	0.000194969	0.000191618	0.000184278	0.000175494	0.000173137	0.000190646
0.000147471	0.000142571	0.000149661	0.000156235	0.000160012	0.000161475	0.000160859	0.000158125	0.000152112	0.000144904	0.000142837	0.000157049
0.000133971	0.000129556	0.000135945	0.000141845	0.000145211	0.00014654	0.000145988	0.000143541	0.000138143	0.000131663	0.000129783	0.000142656
0.000154997	0.000149849	0.000157121	0.000163819	0.000167702	0.000169142	0.000168517	0.000165744	0.000159617	0.000152245	0.000150143	0.000165089
0.000197933	0.00019146	0.000200693	0.000209159	0.000214078	0.000215878	0.000215088	0.000211593	0.000203845	0.000194512	0.000191789	0.000210756
0.00016411	0.000158947	0.000166607	0.000173561	0.000177608	0.000179078	0.00017843	0.000175559	0.000169189	0.000161497	0.000159115	0.000174599
0.000173665	0.000168273	0.000176309	0.000183566	0.000187781	0.000189319	0.000188643	0.000185652	0.000178999	0.000170954	0.000168421	0.00018472
0.000193594	0.000187668	0.000196563	0.000204554	0.000209174	0.000210883	0.000210139	0.000206852	0.000199521	0.000190644	0.000187797	0.000205862
0.000198256	0.000192283	0.000201316	0.000209388	0.000214067	0.000215776	0.000215024	0.00021171	0.0002043	0.000195314	0.000192375	0.000210753
0.000197692	0.000192003	0.000201025	0.000208995	0.00021362	0.000215304	0.000214561	0.000211291	0.000203958	0.000195051	0.000191959	0.000209956
0.000243708	0.000236762	0.000247776	0.000257465	0.000263081	0.000265128	0.000264226	0.000260257	0.000251335	0.000240489	0.000236687	0.000258781
0.000234346	0.00022769	0.000238155	0.000247318	0.000252629	0.000254567	0.000253713	0.000249959	0.000241514	0.000231232	0.000227623	0.000248825
0.0002182	0.000212125	0.000221797	0.000230218	0.000235101	0.000236879	0.000236094	0.000232682	0.000224879	0.00021541	0.00021201	0.000231586
0.000229704	0.000223381	0.000233448	0.000242169	0.000247231	0.000249073	0.00024826	0.000244911	0.000236636	0.000226807	0.00022324	0.000243739
0.00024331	0.000236704	0.00024728	0.000256383	0.000261669	0.000263588	0.000262738	0.000259136	0.000250593	0.000240307	0.000236522	0.000258102
0.000227863	0.000221769	0.000231603	0.000239956	0.000244823	0.000246591	0.000245808	0.000242398	0.000234611	0.000225114	0.000221568	0.000241638
0.000211502	0.000206094	0.000215198	0.000222906	0.000227385	0.000229013	0.000228292	0.000225146	0.000217979	0.000209219	0.000205786	0.00022409
0.000200781	0.000195689	0.000204209	0.000211422	0.0002156	0.000217126	0.000216452	0.000213517	0.000206816	0.000198622	0.000195391	0.00021269
0.00018411	0.000179456	0.000187149	0.000193642	0.000197404	0.000198775	0.000198168	0.000195531	0.000189492	0.000182106	0.000179193	0.000195007
0.000192292	0.000187523	0.00019548	0.000202148	0.000206027	0.000207428	0.000206804	0.000204099	0.000197877	0.00019027	0.000187217	0.000203589
0.000224832	0.000219491	0.000228783	0.000236496	0.000240997	0.000242606	0.000241882	0.000238744	0.000231539	0.000222715	0.000219022	0.000237844
0.000240425	0.000234716	0.000244487	0.000252583	0.000257289	0.00025899	0.00025823	0.000254931	0.000247375	0.000238108	0.000234239	0.000254315
0.000287501	0.000280583	0.000292046	0.000301529	0.000307034	0.000309041	0.000308151	0.000304298	0.000295422	0.000284555	0.000280093	0.000304156
0.000240344	0.0002347	0.000244228	0.000252021	0.000256561	0.000258211	0.000257477	0.000254305	0.000246975	0.000238003	0.000234237	0.000254136
0.00023208	0.000226934	0.000236105	0.000243564	0.000247898	0.000249462	0.00024876	0.000245734	0.000238724	0.00023014	0.000226345	0.000245133
0.000255679	0.000250018	0.000259965	0.000268033	0.000272771	0.00027443	0.000273669	0.000270398	0.000262797	0.000253498	0.000249391	0.000270024
0.000190092	0.00018587	0.000193136	0.000199015	0.000202451	0.000203685	0.000203129	0.000200743	0.000195195	0.000188411	0.000185432	0.000200742
0.000154535	0.000151105	0.000156911	0.000161594	0.000164324	0.000165317	0.000164873	0.000162962	0.000158545	0.000153136	0.000150767	0.000163169
0.000177979	0.000174183	0.000180823	0.000186124	0.000189222	0.000190348	0.000189844	0.000187678	0.000182658	0.000176515	0.000173731	0.000187773
0.000233117	0.000228238	0.000236847	0.00024368	0.000247707	0.000249129	0.000248478	0.000245703	0.000239198	0.000231266	0.000227618	0.000245838
0.000212371	0.000207913	0.000215604	0.000221698	0.000225285	0.000226563	0.000225981	0.000223518	0.000217695	0.000210617	0.000207382	0.000223932
0.000225526	0.000220849	0.000228901	0.000235257	0.000238979	0.000240335	0.000239727	0.000237143	0.000231072	0.000223684	0.000220281	0.000237721
0.000220884	0.000216418	0.00022422	0.000230332	0.000233885	0.000235228	0.000234641	0.000232163	0.000226293	0.000219172	0.000215825	0.000232696
0.000240621	0.000235857	0.00024424	0.000250767	0.000254614	0.000256007	0.000255378	0.00025273	0.00024644	0.000238822	0.000235187	0.000253359
0.000276744	0.000271286	0.00028077	0.000288131	0.000292492	0.000294049	0.000293338	0.000290351	0.000283238	0.000274642	0.000270538	0.000291323
0.000295767	0.000289981	0.000299941	0.00030764	0.000312194	0.000313841	0.000313095	0.00030997	0.000302506	0.000293507	0.000289196	0.000311247
0.000269277	0.000264137	0.000273107	0.000279997	0.000284077	0.000285559	0.000284889	0.000282087	0.000275387	0.00026732	0.000263384	0.000283214
0.000150097	0.000147158	0.000152035	0.000155783	0.000158002	0.000158818	0.000158452	0.000156935	0.000153272	0.000148884	0.000146798	0.000157893
0.000185667	0.000181997	0.000187858	0.000192346	0.000195049	0.000196007	0.000195566	0.000193814	0.000189332	0.000184068	0.000181602	0.000195281
0.000294304	0.000288636	0.000297836	0.000304839	0.00030905	0.000310543	0.000309854	0.000307017	0.00030011	0.000291894	0.000287964	0.000309359
0.000254792	0.000250028	0.000257924	0.000263891	0.000267476	0.000268759	0.000268168	0.000265728	0.000259842	0.000252831	0.000249397	0.000267656
0.000160759	0.000157713	0.000162554	0.000166208	0.000168408	0.000169198	0.000168835	0.00016734	0.000163719	0.000159428	0.000157364	0.000168856
0.000319588	0.000313761	0.000323302	0.000330433	0.000334744	0.000336289	0.000335577	0.000332657	0.000325548	0.000317153	0.000312983	0.00033542
0.000374261	0.000367276	0.000378148	0.000386275	0.000391198	0.000392972	0.000392156	0.000388829	0.000380685	0.000371129	0.000366505	0.00039283
0.000389294	0.000382463	0.000393747	0.000402057	0.00040713	0.000408942	0.000408101	0.000404675	0.000396282	0.000386484	0.000381474	0.000408154
0.000403047	0.000395926	0.000407327	0.000415709	0.000420852	0.000422676	0.000421823	0.000418363	0.000409875	0.000399983	0.000394987	0.000422491
0.000421369	0.000413484	0.000424931	0.000433405	0.000438591	0.000440468	0.000439602	0.000436106	0.0004275	0.000417528	0.000412809	0.000441922
0.000405031	0.00039726	0.000407925	0.00041583	0.000420673	0.000422445	0.000421634	0.000418366	0.000410302	0.000401012	0.000396776	0.000424817
0.000416863	0.000409256	0.000420165	0.000428144	0.000433077	0.000434859	0.000434033	0.000430724	0.000422523	0.000413114	0.0004086	0.000436782
0.000411636	0.000404259	0.000414851	0.000422548	0.000427311	0.000429028	0.000428226	0.000425035	0.000417075	0.000408006	0.000403598	0.000431063
0.000396931	0.000389419	0.000399205	0.000406369	0.000410812	0.000412434	0.000411684	0.000408711	0.000401272	0.000392852	0.00038906	0.000415864
0.000396436	0.000388699	0.000398116	0.000405047	0.000409351	0.000410932	0.000410203	0.000407325	0.000400105	0.000391984	0.00038853	0.000415411
0.000417336	0.00040982	0.000419786	0.000426969	0.000431482	0.000433113	0.000432349	0.000429364	0.0004218	0.00041333	0.000409355	0.000436669
0.000442662	0.000435005	0.000445469	0.000452934	0.000457711	0.000459352	0.000458552	0.000455472	0.000447537	0.000438706	0.000434399	0.000462773
0.000377082	0.000370483	0.000379135	0.00038531	0.000389253	0.000390638	0.000389972	0.000387392	0.000380829	0.000373535	0.000370066	0.000394147
0.000439958	0.000432223	0.000442021	0.000449015	0.000453465	0.000455076	0.000454317	0.000451379	0.000443913	0.000435675	0.000431824	0.000459738
0.000458789	0.000450394	0.000460211	0.00046723	0.000471738	0.000473355	0.000472585	0.000469625	0.000462069	0.000453821	0.000450227	0.000479518
0.000440418	0.000432793	0.000442175	0.000448749	0.000453019	0.000454553	0.00045382	0.000451018	0.000443858	0.000436087	0.000432458	0.000459802
0.000454816	0.000446857	0.000456248	0.000462809	0.000467106	0.000468646	0.000467906	0.000465112	0.000457887	0.000450141	0.000446626	0.00047473
0.000446988	0.000438764	0.000447548	0.000453731	0.000457762	0.000459269	0.000458566	0.000455986	0.000449059	0.000441803	0.000438828	0.000466713
0.000470403	0.000461133	0.000469815	0.000476028	0.000480123	0.000481617	0.000480904	0.000478257	0.000471308	0.000464088	0.000461613	0.000491478
0.000450432	0.000441583	0.000449669	0.000455432	0.000459237	0.000460643	0.000459975	0.000457469	0.000451007	0.000444326	0.000442093	0.00047042
0.000444196	0.000435673	0.000443492	0.000448985	0.000452723	0.000454034	0.000453385	0.000450911	0.000444723	0.000438331	0.000436131	0.000463563
0.000454116	0.000445383	0.000453117	0.000458524	0.000462437	0.000463551	0.000462903	0.000460503	0.000454286	0.000448	0.00044593	0.000473752
0.00042322	0.000415311	0.000422395	0.000427283	0.000430691	0.000431874	0.000431279	0.000429114	0.000423404	0.000417714	0.000415757	0.000441164
0.000475284	0.000466572	0.000474349	0.000479655	0.00048338	0.0004847	0.000484044	0.000481682	0.000475396	0.000469211	0.000467051	0.000495108
0.000474956	0.000466265	0.000473795	0.000478902	0.000482509	0.000483812	0.00048317	0.000480878	0.000474755	0.00046881	0.000466805	0.000494566
0.000438058	0.000429861	0.000436484	0.000440993	0.000444224	0.000445375	0.000444799	0.000442764	0.000437296	0.000432078	0.000430524	0.000456116
0.000433065	0.000425097	0.000431463	0.000435775	0.000438956	0.000440003	0.000439444	0.000437491	0.000432203	0.000427231	0.000425743	0.000450628
0.000438348	0.000429888	0.000435935	0.000440064	0.000443077	0.00044417	0.000443624	0.000441743	0.000436589	0.000431871	0.000430824	0.000456272
0.000465702	0.000455969	0.000461803	0.000465896	0.000468923	0.000470039	0.000469486	0.000467611	0.000462411	0.000457815	0.000457446	0.000485154
0.000435362	0.00042648	0.000431827	0.000435465	0.000438271	0.000439288	0.000438779	0.000437061	0.000432307	0.000428171	0.000427803	0.000453184
0.000434404	0.000425914	0.000431192	0.000434651	0.000437422	0.000438421	0.000437919	0.000436243	0.000431577	0.000427596	0.000427096	0.000451679
0.000404609	0.00039611	0.000400562	0.000403593	0.000406001	0.00040689	0.000406443	0.000404975	0.000400844	0.00039747	0.000397594	0.000421017
0.000339351	0.000332011	0.00033548	0.000337874	0.000339806	0.000340516	0.000340154	0.000338982	0.000335653	0.000333039	0.000333421	0.00035314
0.000307725	0.000301403	0.000304534	0.000306614	0.000308341	0.00030897	0.000308644	0.000307594	0.000304633	0.000302345	0.000302548	0.000319802
0.000484107	0.000473596	0.000478044	0.000481075	0.000483661	0.000484594	0.000484104	0.000482544	0.000478118	0.000474866	0.000475774	0.000503374
0.000491109	0.000480348	0.00048457	0.000487442	0.000490048	0.000490876	0.000490392	0.00048891	0.000484557	0.00048152	0.000482685	0.000510511
0.000474353	0.000464543	0.000468675	0.000471357	0.000473793	0.000474643	0.000474176	0.000472784	0.000468591	0.000465724	0.000466543	0.000492412
0.000499398	0.000489822	0.000494265	0.000496989	0.00049954	0.000500427	0.000499934	0.000498461	0.000494095	0.000491136	0.000491588	0.000517564
0.00055752	0.000545785	0.000550015	0.000552729	0.000555354	0.000556302	0.000555784	0.000554254	0.000549735	0.000546917	0.000548412	0.00057841
0.000557024	0.000544149	0.000547617	0.000550009	0.000552403	0.000553309	0.000552825	0.000551448	0.000547254	0.000544929	0.000547481	0.000578617
0.000497274	0.000485499	0.000488262	0.00049015	0.000492203	0.000492982	0.000492566	0.000491413	0.000487853	0.000486046	0.000488698	0.000516572
0.000463169	0.000453603	0.000456562	0.000458239	0.00046031	0.000461044	0.000460643	0.00045954	0.000456132	0.000454335	0.000455881	0.000479761
0.000497441	0.000486725	0.00048949	0.000491199	0.000493215	0.00049394	0.000493527	0.000492428	0.000488965	0.00048733	0.000489482	0.000515413
0.000525608	0.000512951	0.000515043	0.00051654	0.000518378	0.000519122	0.000518721	0.000517712	0.000514399	0.000513203	0.000516671	0.000545458
0.000564716	0.000550492	0.000552216	0.000553563	0.000555423	0.000556146	0.000555738	0.000554753	0.00055144	0.000550529	0.000554909	0.000586309
0.000555888	0.000542122	0.000543686	0.000544865	0.000546635	0.000547319	0.000546924	0.000545977	0.000542843	0.000542118	0.000546415	0.000576693
0.000557693	0.000544452	0.00054604	0.000547106	0.000548842	0.000549513	0.000549118	0.000548209	0.000545104	0.000544479	0.000548525	0.000577828
0.000550392	0.00053799	0.000539629	0.000540599	0.000542284	0.00054292	0.000542529	0.000541643	0.000538616	0.000538071	0.000541718	0.000569459
0.000529858	0.000516952	0.000517863	0.0005185	0.000519963	0.000520535	0.000520186	0.000519462	0.000516818	0.000516729	0.000521144	0.000548762
0.000589753	0.000575228	0.000575927	0.000576426	0.000578015	0.000578564	0.00057819	0.000577469	0.000574679	0.000574849	0.00058006	0.000610658
0.000614253	0.000600644	0.000601789	0.000602294	0.000604131	0.000604589	0.000604183	0.000603387	0.000600406	0.000600484	0.000604926	0.000634483
0.000599589	0.000584791	0.000584976	0.000585128	0.000586592	0.000587084	0.000586725	0.000586101	0.000583563	0.000584209	0.000589878	0.000620308
0.000629133	0.000612429	0.00061187	0.000611686	0.000612974	0.00061347	0.000613125	0.000612607	0.000610275	0.00061146	0.000618495	0.000651551
0.000668072	0.000650356	0.000649519	0.000649145	0.000650407	0.000650918	0.000650563	0.000650064	0.000647742	0.000649231	0.000656869	0.000691557
0.000628833	0.000612273	0.000611289	0.000610778	0.000611892	0.000612347	0.000612021	0.000611587	0.000609548	0.000611142	0.000618421	0.000650555
0.000572146	0.000556772	0.000555525	0.000554931	0.000555776	0.000556157	0.000555875	0.000555578	0.000553876	0.00055559	0.000562607	0.000591904
0.000604289	0.000587525	0.000585752	0.000585093	0.00058566	0.000586013	0.000585735	0.000585512	0.000583925	0.000586069	0.000594054	0.000625316
0.00063298	0.000615759	0.000613836	0.000612796	0.000613593	0.0006139	0.000613613	0.000613369	0.000611842	0.000614215	0.00062249	0.000654436
0.000642207	0.000624877	0.000622729	0.000621534	0.000622369	0.000622619	0.000622337	0.000621979	0.00062072	0.000623246	0.000631707	0.000663599
0.000664393	0.000646644	0.000644259	0.000642934	0.000643623	0.000643961	0.000643677	0.000643473	0.000642188	0.0006449	0.000653693	0.000686116
0.000633734	0.000617844	0.000615792	0.000614553	0.000615242	0.000615536	0.000615259	0.000614983	0.000613826	0.000616315	0.000624075	0.000653347
0.000642777	0.000626492	0.000624092	0.000622727	0.000623352	0.000623589	0.000623323	0.000623259	0.000622113	0.000624811	0.000632982	0.000662549
0.000644088	0.000628268	0.000625856	0.000624427	0.000625067	0.000625243	0.000624979	0.000624987	0.000623858	0.000626601	0.000634574	0.00066323
0.000648487	0.00063227	0.00062951	0.00062785	0.000628309	0.000628532	0.000628281	0.000628356	0.000627401	0.000630438	0.000638855	0.000667693
0.000643652	0.000627074	0.000623953	0.000622028	0.00062239	0.000622553	0.00062232	0.000622488	0.000621725	0.000625065	0.000633949	0.000662805
0.000643646	0.000627944	0.000624931	0.000622969	0.000623339	0.000623497	0.000623257	0.000623414	0.000622655	0.000626034	0.000634419	0.000661773
0.00064811	0.000631321	0.000627623	0.000625389	0.000625597	0.000625709	0.000625492	0.000625753	0.000625262	0.0006291	0.000638452	0.00066685
0.000639591	0.000621832	0.000617474	0.000614965	0.000615003	0.00061506	0.000614873	0.000615254	0.000615048	0.000619302	0.00062959	0.00065877
0.000654217	0.00063537	0.000630395	0.000627621	0.00062752	0.000627535	0.000627362	0.000627843	0.000627853	0.000632551	0.000643752	0.000674098
0.000641467	0.000623779	0.000619024	0.000616242	0.000616141	0.00061614	0.000615966	0.000616443	0.000616461	0.000621097	0.000631641	0.000660001
0.00066483	0.000646208	0.000640954	0.000637866	0.000637663	0.000637654	0.000637486	0.000638047	0.000638227	0.000643284	0.000654587	0.000683978
0.000669347	0.000649717	0.000643821	0.000640486	0.000640094	0.000640079	0.000639932	0.000640623	0.000641027	0.0006465	0.000658708	0.000689044
0.00065682	0.000637193	0.000630988	0.000627601	0.000627416	0.000627075	0.000626943	0.00062784	0.000628253	0.000633879	0.000646284	0.000676158
0.000654875	0.000635226	0.00062886	0.000625297	0.000625815	0.000624665	0.000624543	0.000625371	0.000626035	0.000631822	0.000644406	0.000673933
0.000681068	0.000660909	0.000654214	0.000650401	0.000650103	0.000649679	0.000649554	0.000650378	0.000651228	0.000657345	0.000670379	0.000700363
0.000667582	0.000648198	0.000641602	0.000637788	0.000637215	0.000637029	0.00063691	0.000637735	0.000638639	0.000644705	0.000657346	0.000685904
0.000662864	0.000644839	0.000638596	0.000634818	0.000634304	0.000634107	0.000633976	0.000634805	0.000635622	0.000641546	0.00065333	0.000679765
0.000691218	0.000672281	0.000665509	0.000661458	0.000660837	0.000660606	0.000660481	0.000661397	0.000662396	0.000668737	0.000681283	0.000708672
0.000692839	0.000673479	0.000666337	0.000662205	0.000661455	0.000661209	0.000661099	0.000662082	0.000663278	0.000669767	0.000682777	0.000710402
0.00069233	0.000673177	0.000665932	0.000661804	0.000661011	0.000660723	0.00066062	0.000661646	0.000662951	0.000669429	0.000682432	0.000709485
0.000713478	0.000694413	0.000687028	0.000682836	0.000681989	0.000681686	0.000681579	0.000682661	0.000684042	0.000690612	0.000703654	0.000730371
0.000681592	0.000664371	0.000657507	0.00065363	0.00065283	0.000652533	0.000652425	0.000653452	0.000654765	0.00066087	0.000672727	0.0006967
0.00069574	0.000679111	0.000672226	0.000668414	0.000667628	0.000667307	0.000667191	0.000668245	0.00066958	0.000675659	0.000687192	0.000710162
0.00068941	0.000672979	0.000666074	0.000662157	0.000661315	0.000660968	0.000660862	0.000661949	0.00066339	0.000669492	0.000681029	0.000703401
0.000708468	0.00069126	0.000683872	0.000679713	0.000678737	0.000678364	0.000678267	0.000679455	0.000681096	0.000687532	0.000699776	0.000722831
0.000701283	0.000683911	0.000676278	0.000672049	0.000670992	0.000670592	0.000670509	0.000671742	0.000673538	0.000680075	0.00069259	0.0007155
0.00068073	0.00066412	0.000656626	0.000652499	0.000651417	0.00065102	0.000650943	0.00065218	0.000653993	0.000660377	0.000672471	0.000694073
0.000666979	0.000651108	0.000643764	0.000639668	0.000638592	0.000638184	0.000638109	0.000639282	0.000641171	0.000647454	0.000659135	0.000679466
0.00059606	0.000581648	0.000574877	0.000571034	0.000570028	0.000569623	0.000569564	0.000570468	0.000572456	0.000578275	0.000589	0.000607144
0.000597456	0.000582424	0.000575363	0.000571163	0.000570066	0.00056963	0.000569584	0.000571036	0.00057271	0.000578855	0.000590172	0.00060874
0.00065846	0.000642176	0.000634202	0.000629602	0.000628356	0.000627863	0.000627814	0.00062924	0.000631324	0.000638235	0.000650623	0.000670377
0.000646936	0.000631244	0.000623334	0.000618745	0.000617505	0.000616986	0.000616948	0.000618265	0.000620456	0.000627372	0.000639436	0.000658115
0.000716581	0.000697856	0.000688357	0.000683007	0.00068146	0.000680852	0.000680819	0.000682406	0.000685097	0.000693217	0.000707723	0.0007297
0.000686319	0.00066743	0.000657781	0.000652488	0.000650839	0.000650236	0.000650221	0.000651839	0.000654623	0.000662725	0.000677457	0.000699364
0.000645396	0.00062766	0.000618445	0.000613465	0.000611772	0.000611205	0.000611192	0.000612751	0.000615454	0.000623179	0.000637131	0.000657387
0.000692552	0.00067371	0.000663732	0.00065822	0.000656498	0.000655837	0.000655829	0.000657491	0.000660505	0.000668874	0.000683832	0.000704988
0.000689125	0.000670794	0.000660872	0.00065533	0.000653615	0.000652945	0.000652936	0.000654613	0.000657641	0.000666003	0.000680698	0.000700903
0.000743901	0.000724475	0.000713752	0.000707725	0.000705862	0.000705119	0.000705106	0.000706961	0.000710265	0.000719309	0.000735032	0.000756057
0.000716096	0.000698279	0.000688154	0.000682493	0.000680718	0.000679977	0.000679966	0.000681761	0.00068493	0.000693424	0.000708021	0.000726903
0.000710955	0.000693851	0.000683876	0.000678395	0.000676611	0.000675861	0.000675853	0.000677649	0.00068084	0.000689087	0.000703262	0.000721038
0.000673179	0.000657538	0.000648188	0.000643137	0.000641402	0.000640706	0.000640694	0.000642412	0.000645466	0.000653083	0.000666199	0.000682131
0.000686028	0.000670785	0.00066139	0.000656385	0.000654601	0.000653893	0.000653878	0.000655634	0.000658795	0.000666325	0.000679289	0.000694428
0.000685119	0.000670898	0.000661784	0.000657385	0.000655221	0.000654485	0.000654469	0.000656219	0.000659351	0.000666591	0.000678898	0.000692574
0.000669041	0.000656906	0.000648597	0.000645908	0.000642551	0.000641839	0.000641808	0.000643486	0.000646408	0.000653003	0.000663818	0.000674853
0.000650342	0.000640499	0.000633085	0.000629503	0.00062763	0.00062696	0.000626908	0.00062851	0.000631181	0.000637053	0.000646208	0.000654401
0.000684183	0.00067584	0.000668747	0.000664883	0.000663451	0.000662749	0.00066268	0.000664282	0.000666968	0.000672585	0.000680809	0.000686825
0.000678671	0.000671966	0.000665438	0.000661893	0.000660527	0.000659845	0.000659766	0.000661308	0.00066389	0.000668997	0.000676086	0.000680022
0.000687977	0.000682803	0.000676725	0.000673377	0.000672071	0.00067137	0.000671276	0.000672809	0.000675309	0.000680063	0.000686144	0.000688021
0.000722866	0.000716468	0.000709513	0.00070581	0.000704323	0.000703538	0.000703452	0.000705153	0.000707991	0.000713326	0.000720555	0.000723331
0.000695191	0.000688017	0.000680756	0.000676944	0.000675369	0.000674598	0.000674533	0.000676229	0.000679187	0.000684723	0.000692555	0.000696092
0.000664834	0.000657502	0.000650241	0.000646409	0.000644819	0.000644073	0.000644015	0.000645689	0.000648654	0.000654205	0.000662152	0.000665776
0.000710003	0.000701979	0.000694001	0.000689732	0.000687997	0.000687161	0.000687111	0.000688947	0.00069219	0.000698367	0.000707107	0.000710857
0.00070914	0.000700638	0.000692334	0.000687874	0.00068605	0.000685208	0.000685165	0.000687041	0.000690415	0.000696877	0.000706077	0.00071007
0.000708284	0.000699183	0.000690514	0.000685865	0.00068396	0.00068309	0.000683056	0.000684986	0.000688511	0.00069525	0.000705001	0.00070938
0.000723204	0.00071349	0.000704309	0.000699426	0.000697412	0.000696493	0.000696468	0.000698486	0.00070222	0.000709319	0.000719705	0.000724382
0.000689506	0.000679544	0.000670371	0.000665544	0.00066354	0.000662628	0.000662615	0.000664602	0.000668329	0.000675371	0.000685898	0.000690881
0.000680899	0.000670405	0.000660962	0.000656051	0.000653974	0.000653048	0.000653047	0.000655074	0.000658904	0.000666106	0.000677084	0.000682488
0.000676765	0.000665887	0.000656199	0.000651192	0.000649042	0.000648103	0.000648113	0.000650174	0.000654113	0.000661474	0.000672816	0.000678427
0.000714197	0.000702996	0.000692735	0.000687486	0.000685193	0.000684174	0.000684197	0.000686396	0.000690597	0.000698333	0.000710199	0.000715549
0.00060518	0.000596	0.000587304	0.000582883	0.000580956	0.000580054	0.000580063	0.000581932	0.000585531	0.000592041	0.000601963	0.00060595
0.000632155	0.000623286	0.000614407	0.000609861	0.000608	0.000606933	0.000606932	0.000608859	0.000612617	0.000619273	0.000629175	0.00063225
0.000625292	0.000617135	0.000608499	0.00060405	0.000602104	0.000601167	0.000601161	0.000603082	0.000606779	0.000613249	0.000622667	0.000624767
0.000685401	0.000677145	0.000667863	0.000663066	0.000660908	0.000659921	0.00065991	0.000662033	0.000666057	0.000672988	0.000682884	0.00068416
0.000702269	0.000694555	0.000685232	0.000680466	0.000678252	0.000677246	0.000677233	0.000679398	0.000683527	0.000690393	0.000700072	0.000700317
0.000717237	0.000710302	0.000701064	0.000696371	0.000694144	0.000693106	0.00069309	0.000695289	0.00069948	0.000706207	0.000715471	0.00071442
0.0006832	0.000677576	0.00066909	0.000664804	0.000662718	0.000661715	0.000661695	0.00066378	0.0006677	0.000673855	0.000682017	0.000679665
0.000722416	0.000717805	0.000709225	0.000704936	0.000702767	0.00070171	0.000701677	0.000703881	0.000707933	0.000714068	0.000721809	0.000717615
0.000721618	0.000718969	0.000711073	0.000707083	0.000705053	0.000704001	0.000703944	0.000706069	0.000709972	0.000715581	0.000721944	0.000715359
0.000675535	0.000674891	0.00066815	0.000664782	0.000662982	0.000662011	0.000661943	0.000663873	0.000667401	0.000672052	0.000676716	0.000668341
0.000631873	0.000632812	0.000627046	0.000624245	0.000622641	0.000621716	0.000621649	0.000623419	0.000626613	0.000630427	0.000633714	0.000624027
0.000699881	0.000702954	0.000697284	0.00069462	0.000692892	0.00069194	0.000691861	0.000693778	0.000697132	0.000700686	0.000702883	0.00068976
0.000707986	0.00071292	0.000707782	0.000705538	0.000703717	0.000702928	0.000702827	0.000704717	0.000707983	0.000710954	0.00071189	0.000696459
0.000705252	0.00071202	0.000707619	0.000705715	0.000704066	0.00070322	0.000703106	0.000704929	0.000708048	0.0007104	0.000710022	0.000692475
0.000734261	0.000742249	0.00073797	0.000736127	0.000734522	0.00073356	0.000733438	0.000735316	0.000738529	0.00074071	0.000739695	0.000720201
0.000700536	0.000708767	0.000704819	0.000703154	0.000701677	0.000700709	0.0007006	0.00070239	0.000705457	0.000707379	0.000706035	0.000686581
0.000625448	0.000633129	0.00062965	0.000628222	0.000626893	0.000625982	0.000625911	0.000627522	0.000630269	0.00063192	0.000630544	0.000612631
0.000652106	0.000660408	0.000656807	0.000655368	0.000653972	0.000653045	0.000652944	0.000654641	0.000657531	0.000659168	0.000657588	0.000638411
0.000687631	0.000696635	0.000692837	0.000691381	0.0006899	0.000688912	0.000688807	0.000690605	0.000693704	0.00069534	0.000693564	0.000672877
0.000721943	0.000731681	0.000727686	0.000726217	0.000724622	0.000723604	0.000723482	0.000725388	0.000728667	0.000730336	0.000728338	0.000706114
0.000696344	0.0007063	0.000702275	0.000700873	0.000699279	0.000698341	0.000698212	0.000700065	0.000703246	0.0007048	0.000702701	0.000680706
0.000716819	0.000728227	0.000723498	0.000722076	0.00072049	0.000719459	0.000719325	0.000721242	0.000724516	0.00072605	0.000723616	0.00070026
0.000703782	0.000714768	0.000710888	0.000709551	0.000708032	0.000706974	0.000706849	0.000708726	0.000711938	0.000713365	0.000710703	0.000687079
0.000659676	0.000669905	0.000666458	0.000665212	0.000663739	0.000662773	0.000662659	0.000664442	0.000667495	0.000668793	0.000666261	0.000643789
0.000653001	0.000663679	0.000660404	0.000659237	0.000657811	0.000656855	0.000656738	0.000658493	0.000661513	0.000662654	0.000659804	0.000636798
0.000692763	0.000705128	0.000701982	0.000700904	0.000699433	0.000698419	0.000698284	0.000700109	0.000703252	0.000704216	0.000700484	0.000674797
0.000700575	0.000713704	0.000710696	0.000709664	0.000708209	0.000707183	0.000707029	0.000708901	0.000712044	0.000712871	0.0007087	0.000681882
0.000708578	0.000722342	0.00071941	0.000718455	0.000716983	0.00071594	0.000715799	0.000717679	0.000720863	0.000721561	0.000717051	0.000689237
0.000711499	0.000726006	0.000723253	0.000722306	0.000720888	0.000719891	0.000719755	0.00072163	0.000724797	0.000725324	0.000720351	0.000691523
0.000686256	0.000700194	0.00069743	0.000696593	0.000695149	0.000694125	0.000694001	0.000695835	0.000698949	0.000699489	0.000694804	0.000666876
0.000700532	0.000714813	0.000711916	0.000711075	0.000709558	0.000708488	0.000708339	0.000710236	0.000713483	0.000714059	0.000709312	0.000680568
0.000683954	0.000698162	0.000695373	0.000694557	0.000693048	0.000692003	0.000691841	0.000693666	0.00069691	0.00069745	0.000692681	0.000664154
0.000694008	0.000708537	0.000705669	0.000704831	0.00070329	0.000702209	0.000702077	0.000703972	0.00070725	0.000707805	0.000702948	0.000673701
0.000698763	0.000713323	0.000710319	0.000709467	0.000707884	0.000706776	0.00070665	0.000708582	0.000711953	0.000712536	0.000707765	0.000678214
0.000698576	0.000713506	0.000710564	0.000709812	0.000708213	0.000707104	0.000706975	0.000708895	0.000712296	0.000712763	0.000707777	0.00067768
0.000713935	0.000729859	0.000727068	0.000726396	0.000724791	0.000723662	0.000723525	0.000725479	0.000728917	0.000729216	0.000723677	0.000692047
0.000688926	0.000704973	0.000702466	0.000701908	0.000700391	0.000699296	0.000699162	0.000701049	0.000704318	0.000704445	0.00069866	0.000667281
0.000705217	0.000722094	0.000719629	0.000719147	0.000717607	0.000716473	0.000716334	0.000718275	0.000721629	0.000721607	0.000715414	0.00068267
0.000710564	0.000728196	0.000725893	0.000725564	0.000724006	0.000722878	0.000722733	0.000724696	0.000728047	0.000727801	0.000721151	0.000687367
0.000696646	0.00071584	0.000714295	0.000714402	0.000712991	0.000711898	0.000711744	0.000713641	0.000716722	0.000715814	0.000707916	0.000672716
0.000681355	0.000702554	0.000701954	0.000702619	0.000701389	0.000700343	0.000700174	0.000701938	0.000704722	0.000702997	0.000693498	0.000656489
0.000682607	0.000706217	0.000706459	0.000707727	0.00070663	0.000705616	0.000705424	0.000707104	0.000709653	0.000707118	0.000695867	0.000656279
0.000664998	0.000690249	0.000691443	0.000693107	0.000692177	0.00069121	0.000691014	0.000692564	0.000694841	0.000691566	0.000678953	0.000638019
0.000668795	0.000696421	0.000698523	0.000700674	0.000699872	0.00069892	0.000698709	0.000700203	0.000702256	0.000698181	0.000683858	0.00064035
0.000680735	0.000710954	0.00071392	0.000716554	0.000715868	0.000714922	0.000714689	0.000716141	0.000718014	0.000713153	0.000697035	0.000650549
0.000650565	0.000681291	0.000684836	0.000687764	0.000687219	0.000686331	0.000686087	0.000687424	0.000689023	0.000683749	0.000666995	0.000620632
0.00067932	0.000713543	0.000718081	0.000721588	0.000721167	0.00072026	0.000719999	0.000721299	0.000722757	0.000716527	0.000697458	0.000646829
0.000668614	0.000704291	0.000709537	0.000713411	0.000713117	0.000712252	0.000711988	0.00071318	0.000714416	0.000707616	0.000687382	0.000635489
0.000668997	0.000706458	0.000712396	0.000716682	0.000716493	0.000715654	0.000715371	0.000716495	0.000717604	0.000710125	0.000688588	0.000634839
0.000629793	0.000666173	0.00067218	0.0006765	0.000676384	0.000675606	0.000675332	0.000676378	0.000677426	0.000669838	0.000648756	0.000596973
0.00065088	0.000689907	0.00069666	0.00070145	0.000701414	0.000700618	0.000700335	0.000701387	0.000702204	0.00069396	0.000671138	0.000616132
0.000664582	0.000706231	0.000713837	0.00071913	0.000719196	0.000718413	0.000718099	0.000719115	0.000719713	0.00071071	0.000686091	0.000628085
0.000653496	0.000695936	0.000703996	0.000709534	0.000709688	0.000708957	0.00070861	0.000709562	0.000710002	0.000700635	0.00067533	0.000616761
0.000652493	0.000696191	0.000704789	0.000710561	0.000710798	0.000710061	0.000709731	0.000710639	0.000710922	0.000701153	0.000674906	0.000615049
0.000638383	0.000681616	0.000690155	0.000695885	0.000696141	0.000695412	0.000695095	0.000695977	0.00069615	0.000686548	0.00066055	0.000601406
0.000659534	0.000704144	0.000712879	0.000718755	0.000718994	0.00071823	0.000717903	0.000718814	0.000719122	0.000709193	0.000682437	0.000621257
0.000675299	0.000720767	0.000729565	0.000735536	0.000735736	0.000734935	0.000734604	0.000735506	0.000736002	0.000725862	0.000698682	0.000636114
0.000670456	0.00071535	0.000723869	0.000729784	0.000729935	0.000729122	0.000728805	0.000729709	0.000730304	0.00072033	0.000693587	0.000631577
0.000661916	0.000705973	0.000714216	0.00071997	0.000720077	0.000719268	0.000718954	0.000719949	0.000720532	0.000710806	0.000684659	0.000623569
0.000671461	0.000714831	0.000722546	0.000728055	0.000728042	0.000727189	0.000726883	0.000728012	0.000728775	0.000719422	0.000693969	0.000633119
0.000678088	0.000720426	0.000727507	0.000732704	0.00073256	0.000731666	0.00073137	0.000732582	0.000733587	0.000724726	0.000700195	0.000639996
0.000670098	0.000710609	0.000716981	0.000721744	0.000721487	0.000720574	0.000720293	0.000721564	0.00072276	0.000714551	0.000691378	0.000633018
0.000660057	0.000698714	0.000704391	0.000708738	0.000708372	0.000707443	0.000707179	0.000708456	0.000709859	0.00070231	0.000680488	0.000624057
0.000678399	0.00071666	0.000721842	0.000725891	0.000725392	0.000724401	0.000724145	0.000725544	0.000727201	0.000720019	0.000698766	0.000642042
0.000685257	0.00072229	0.000726709	0.000730476	0.000729827	0.000728796	0.000728548	0.000730013	0.000731967	0.000725315	0.000705132	0.000649254
0.000702949	0.00073938	0.000743163	0.000746668	0.000745866	0.000744771	0.000744538	0.000746329	0.000748357	0.000742131	0.000722665	0.000666708
0.000705179	0.000740251	0.000743358	0.000746508	0.000745573	0.000744452	0.000744216	0.000746501	0.000748348	0.000742679	0.000724322	0.000669473
0.000704407	0.00073803	0.000740463	0.000743254	0.000742203	0.000741052	0.000740853	0.000742776	0.000745237	0.000740138	0.000722921	0.00066936
0.000701251	0.000733634	0.000735566	0.000738014	0.000736879	0.000735708	0.000735499	0.000737443	0.000740105	0.000735482	0.000719217	0.000666818
0.000682787	0.000714038	0.000715841	0.000718041	0.000716902	0.000715744	0.000715549	0.00071738	0.00072012	0.000715754	0.000700175	0.000649311
0.000697281	0.00072922	0.000730942	0.00073326	0.000732076	0.00073089	0.00073069	0.000732541	0.000735408	0.000730954	0.000715071	0.000662986
0.000699006	0.00073092	0.000732537	0.000734842	0.000733627	0.000732432	0.000732232	0.000734103	0.000737029	0.000732613	0.000716814	0.000664587
0.000658929	0.000689128	0.000690657	0.000692827	0.000691674	0.000690541	0.000690354	0.000692133	0.000694894	0.000690727	0.000675787	0.000626336
0.000669459	0.000700357	0.000701945	0.00070417	0.000702996	0.000701839	0.000701651	0.000703463	0.000706275	0.000702003	0.000686704	0.00063614
0.000696386	0.00072919	0.000731069	0.000733509	0.000732322	0.000731122	0.000730922	0.000732804	0.000735663	0.000731018	0.000714642	0.000661296
0.00068763	0.000720891	0.000723057	0.000725634	0.000724506	0.000723331	0.000723128	0.000724957	0.00072771	0.000722858	0.000706066	0.000652445
0.000684711	0.00071836	0.000720687	0.000723363	0.000722265	0.000721094	0.000720894	0.000722696	0.000725418	0.000720418	0.000703326	0.000649318
0.000695058	0.000729595	0.000732066	0.000734905	0.000733794	0.000732597	0.00073239	0.000734232	0.000736992	0.000731732	0.000714143	0.000658854
0.000690931	0.000725905	0.000728585	0.000731627	0.0007305	0.00072929	0.000729088	0.000730853	0.000733596	0.000728136	0.000710209	0.000654535
0.000690254	0.000726297	0.00072939	0.000732651	0.000731625	0.000730426	0.000730209	0.000731823	0.000734569	0.000728733	0.000710026	0.000653251
0.000696736	0.000734246	0.000737797	0.00074131	0.000740347	0.00073917	0.000738945	0.000740655	0.000743176	0.000736915	0.000717218	0.000658732
0.000685328	0.000723445	0.000727407	0.000731117	0.000730248	0.00072911	0.000728916	0.000730563	0.00073291	0.000726305	0.000706039	0.000647254
0.000677587	0.000716457	0.000720836	0.000724757	0.000723967	0.000722854	0.000722627	0.000724256	0.000726453	0.00071951	0.000698611	0.00063927
0.000683625	0.00072382	0.000728635	0.000732816	0.000732059	0.000730954	0.000730701	0.000732314	0.000734435	0.000727097	0.000705289	0.000644416
0.000735885	0.000735896	0.000737033	0.000735957	0.000735256	0.000735662	0.000736405	0.000735385	0.000735898	0.000736717	0.000737346	0.000733231
0.00073983	0.000739841	0.000740984	0.000739902	0.000739198	0.000739605	0.000740353	0.000739328	0.000739843	0.000740666	0.000741299	0.000737162
0.000737863	0.000737875	0.000739015	0.000737936	0.000737234	0.00073764	0.000738385	0.000737363	0.000737877	0.000738698	0.000739329	0.000735203
0.000735047	0.000735058	0.000736193	0.000735119	0.000734419	0.000734824	0.000735566	0.000734548	0.00073506	0.000735878	0.000736506	0.000732396
0.000731782	0.000731794	0.000732924	0.000731854	0.000731157	0.00073156	0.0007323	0.000731286	0.000731795	0.000732609	0.000733236	0.000729144
0.000729816	0.000729828	0.000730955	0.000729888	0.000729193	0.000729595	0.000730332	0.000729321	0.000729829	0.000730641	0.000731266	0.000727185
0.000728237	0.000728248	0.000729373	0.000728308	0.000727615	0.000728016	0.000728752	0.000727743	0.00072825	0.00072906	0.000729683	0.000725611
0.000727781	0.000727793	0.000728917	0.000727853	0.00072716	0.000727561	0.000728296	0.000727288	0.000727795	0.000728604	0.000729227	0.000725157
0.000728607	0.000728618	0.000729744	0.000728679	0.000727985	0.000728386	0.000729122	0.000728112	0.00072862	0.000729431	0.000730054	0.00072598
0.000725372	0.000725383	0.000726504	0.000725443	0.000724753	0.000725152	0.000725885	0.00072488	0.000725385	0.000726192	0.000726813	0.000722757
0.0007211	0.000721111	0.000722225	0.000721171	0.000720485	0.000720882	0.00072161	0.000720611	0.000721113	0.000721916	0.000722532	0.0007185
0.000717744	0.000717755	0.000718864	0.000717815	0.000717131	0.000717527	0.000718252	0.000717257	0.000717757	0.000718556	0.00071917	0.000715156
0.000711808	0.00071182	0.000712919	0.000711878	0.000711201	0.000711593	0.000712312	0.000711325	0.000711821	0.000712613	0.000713222	0.000709242
0.000713121	0.000713132	0.000714234	0.000713191	0.000712513	0.000712905	0.000713626	0.000712637	0.000713134	0.000713928	0.000714538	0.00071055
0.000718526	0.000718537	0.000719647	0.000718596	0.000717913	0.000718308	0.000719034	0.000718038	0.000718539	0.000719338	0.000719953	0.000715935
0.000728471	0.000728482	0.000729608	0.000728543	0.000727849	0.00072825	0.000728986	0.000727977	0.000728484	0.000729295	0.000729918	0.000725844
0.000733821	0.000733833	0.000734966	0.000733893	0.000733195	0.000733599	0.00073434	0.000733323	0.000733835	0.000734651	0.000735279	0.000731175
0.000733313	0.000733325	0.000734457	0.000733385	0.000732687	0.000733091	0.000733832	0.000732815	0.000733326	0.000734142	0.00073477	0.000730669
0.000729884	0.000729896	0.000731023	0.000729956	0.000729261	0.000729663	0.0007304	0.000729389	0.000729898	0.00073071	0.000731334	0.000727253
0.000726153	0.000726164	0.000727286	0.000726224	0.000725533	0.000725933	0.000726666	0.00072566	0.000726166	0.000726974	0.000727595	0.000723535
0.000718606	0.000718618	0.000719728	0.000718677	0.000717993	0.000718389	0.000719115	0.000718119	0.000718619	0.000719419	0.000720034	0.000716015
0.000712654	0.000712665	0.000713766	0.000712724	0.000712046	0.000712438	0.000713158	0.00071217	0.000712667	0.00071346	0.000714069	0.000710084
0.000710169	0.00071018	0.000711277	0.000710239	0.000709563	0.000709954	0.000710671	0.000709687	0.000710182	0.000710972	0.00071158	0.000707609
0.000706254	0.000706265	0.000707356	0.000706324	0.000705651	0.00070604	0.000706754	0.000705775	0.000706267	0.000707053	0.000707657	0.000703708
0.000699232	0.000699242	0.000700323	0.0006993	0.000698635	0.00069902	0.000699726	0.000698757	0.000699244	0.000700022	0.00070062	0.00069671
0.00069685	0.000696861	0.000697937	0.000696918	0.000696255	0.000696639	0.000697343	0.000696377	0.000696862	0.000697638	0.000698234	0.000694337
0.000701644	0.000701655	0.000702739	0.000701713	0.000701045	0.000701431	0.00070214	0.000701168	0.000701657	0.000702437	0.000703037	0.000699114
0.000705247	0.000705258	0.000706348	0.000705317	0.000704645	0.000705034	0.000705746	0.000704769	0.00070526	0.000706045	0.000706648	0.000702704
0.000710339	0.00071035	0.000711448	0.000710409	0.000709733	0.000710124	0.000710842	0.000709857	0.000710352	0.000711142	0.00071175	0.000707778
0.000717927	0.000717938	0.000719047	0.000717998	0.000717314	0.000717709	0.000718435	0.00071744	0.00071794	0.000718739	0.000719353	0.000715338
0.00072291	0.000722921	0.000724038	0.000722981	0.000722293	0.000722691	0.000723421	0.000722419	0.000722923	0.000723727	0.000724346	0.000720303
0.00072634	0.000726352	0.000727474	0.000726412	0.000725721	0.00072612	0.000726854	0.000725848	0.000726354	0.000727162	0.000727783	0.000723722
0.000729069	0.00072908	0.000730206	0.00072914	0.000728446	0.000728848	0.000729584	0.000728574	0.000729082	0.000729893	0.000730517	0.00072644
0.000734487	0.000734498	0.000735633	0.000734559	0.00073386	0.000734264	0.000735006	0.000733988	0.0007345	0.000735317	0.000735946	0.000731839
0.000740436	0.000740448	0.000741592	0.000740509	0.000739804	0.000740212	0.00074096	0.000739934	0.00074045	0.000741273	0.000741907	0.000737767
0.000740828	0.000740839	0.000741984	0.000740901	0.000740195	0.000740603	0.000741352	0.000740325	0.000740841	0.000741665	0.000742299	0.000738157
0.000737795	0.000737807	0.000738946	0.000737868	0.000737165	0.000737572	0.000738317	0.000737294	0.000737809	0.000738629	0.00073926	0.000735135
0.000734797	0.000734808	0.000735944	0.000734869	0.00073417	0.000734574	0.000735317	0.000734298	0.00073481	0.000735628	0.000736256	0.000732148
0.000733653	0.000733664	0.000734798	0.000733725	0.000733027	0.000733431	0.000734172	0.000733155	0.000733666	0.000734482	0.00073511	0.000731008
0.000737881	0.000737892	0.000739032	0.000737953	0.000737251	0.000737657	0.000738402	0.00073738	0.000737894	0.000738715	0.000739346	0.00073522
0.000737642	0.000737653	0.000738793	0.000737714	0.000737012	0.000737418	0.000738163	0.000737141	0.000737655	0.000738476	0.000739107	0.000734982
0.000734009	0.000734021	0.000735154	0.000734081	0.000733383	0.000733787	0.000734528	0.000733511	0.000734022	0.000734839	0.000735467	0.000731363
0.000724182	0.000724193	0.000725312	0.000724253	0.000723564	0.000723963	0.000724694	0.000723691	0.000724195	0.000725001	0.00072562	0.000721571
0.000712173	0.000712184	0.000713284	0.000712243	0.000711565	0.000711957	0.000712677	0.00071169	0.000712186	0.000712978	0.000713587	0.000709605
0.000704616	0.000704627	0.000705715	0.000704685	0.000704014	0.000704402	0.000705114	0.000704138	0.000704629	0.000705412	0.000706015	0.000702075
0.000701183	0.000701194	0.000702277	0.000701252	0.000700584	0.00070097	0.000701679	0.000700707	0.000701196	0.000701976	0.000702576	0.000698655
0.000706553	0.000706564	0.000707655	0.000706622	0.000705949	0.000706339	0.000707052	0.000706073	0.000706565	0.000707351	0.000707956	0.000704005
0.000712644	0.000712655	0.000713756	0.000712714	0.000712036	0.000712428	0.000713148	0.000712161	0.000712657	0.00071345	0.00071406	0.000710075
0.000719907	0.000719918	0.00072103	0.000719977	0.000719292	0.000719689	0.000720416	0.000719418	0.00071992	0.000720721	0.000721337	0.000717311
0.000720665	0.000720676	0.00072179	0.000720736	0.00072005	0.000720447	0.000721175	0.000720176	0.000720678	0.00072148	0.000722097	0.000718067
0.000718211	0.000718223	0.000719332	0.000718282	0.000717598	0.000717994	0.000718719	0.000717724	0.000718225	0.000719024	0.000719638	0.000715622
0.000693373	0.000693384	0.000694455	0.000693441	0.000692781	0.000693163	0.000693863	0.000692903	0.000693386	0.000694157	0.00069475	0.000690873
0.000660082	0.000660093	0.000661112	0.000660147	0.000659519	0.000659882	0.000660549	0.000659634	0.000660094	0.000660829	0.000661393	0.000657702
0.000659951	0.000659962	0.000660981	0.000660016	0.000659388	0.000659752	0.000660418	0.000659504	0.000659963	0.000660698	0.000661262	0.000657572
0.000690502	0.000690513	0.00069158	0.00069057	0.000689913	0.000690293	0.00069099	0.000690034	0.000690515	0.000691283	0.000691874	0.000688013
0.000721936	0.000721947	0.000723063	0.000722007	0.00072132	0.000721717	0.000722447	0.000721446	0.000721949	0.000722752	0.00072337	0.000719333
0.000737444	0.000737455	0.000738594	0.000737516	0.000736814	0.00073722	0.000737965	0.000736943	0.000737457	0.000738277	0.000738908	0.000734785
0.000745548	0.000745559	0.000746711	0.000745621	0.000744911	0.000745322	0.000746075	0.000745042	0.000745561	0.000746391	0.000747029	0.00074286
0.000751093	0.000751105	0.000752265	0.000751167	0.000750452	0.000750866	0.000751624	0.000750583	0.000751107	0.000751942	0.000752585	0.000748385
0.000751032	0.000751044	0.000752204	0.000751106	0.000750391	0.000750805	0.000751563	0.000750523	0.000751046	0.000751882	0.000752524	0.000748324
0.000748983	0.000748995	0.000750152	0.000749057	0.000748344	0.000748757	0.000749513	0.000748475	0.000748997	0.00074983	0.000750471	0.000746283
0.000750513	0.000750525	0.000751684	0.000750587	0.000749873	0.000750286	0.000751044	0.000750004	0.000750527	0.000751362	0.000752004	0.000747807
0.000752883	0.000752894	0.000754057	0.000752957	0.00075224	0.000752655	0.000753415	0.000752372	0.000752896	0.000753734	0.000754378	0.000750168
0.000752534	0.000752546	0.000753708	0.000752608	0.000751892	0.000752306	0.000753066	0.000752023	0.000752548	0.000753385	0.000754029	0.000749821
0.000754355	0.000754367	0.000755532	0.000754429	0.000753711	0.000754126	0.000754888	0.000753843	0.000754369	0.000755208	0.000755853	0.000751635
0.000755416	0.000755428	0.000756595	0.000755491	0.000754772	0.000755188	0.000755951	0.000754904	0.00075543	0.000756271	0.000756917	0.000752693
0.000757221	0.000757232	0.000758402	0.000757295	0.000756574	0.000756991	0.000757756	0.000756707	0.000757234	0.000758077	0.000758724	0.00075449
0.000753556	0.000753568	0.000754732	0.00075363	0.000752913	0.000753328	0.000754089	0.000753045	0.00075357	0.000754408	0.000755053	0.000750839
0.000752148	0.000752159	0.000753321	0.000752222	0.000751506	0.00075192	0.000752679	0.000751637	0.000752161	0.000752998	0.000753641	0.000749436
0.000753511	0.000753523	0.000754687	0.000753585	0.000752868	0.000753283	0.000754044	0.000753	0.000753525	0.000754363	0.000755008	0.000750794
0.0007548	0.000754812	0.000755978	0.000754874	0.000754156	0.000754571	0.000755334	0.000754288	0.000754814	0.000755653	0.000756299	0.000752078
0.000757387	0.000757398	0.000758568	0.000757461	0.00075674	0.000757157	0.000757922	0.000756873	0.0007574	0.000758243	0.000758891	0.000754656
0.000757078	0.00075709	0.000758259	0.000757152	0.000756431	0.000756848	0.000757613	0.000756564	0.000757091	0.000757934	0.000758581	0.000754348
0.000758368	0.00075838	0.000759551	0.000758443	0.000757721	0.000758138	0.000758904	0.000757853	0.000758382	0.000759226	0.000759874	0.000755634
0.000758396	0.000758407	0.000759579	0.00075847	0.000757748	0.000758166	0.000758932	0.000757881	0.000758409	0.000759253	0.000759902	0.000755661
0.000757129	0.000757141	0.000758311	0.000757204	0.000756483	0.0007569	0.000757665	0.000756616	0.000757143	0.000757985	0.000758633	0.000754399
0.000757242	0.000757253	0.000758423	0.000757316	0.000756595	0.000757012	0.000757777	0.000756728	0.000757255	0.000758098	0.000758746	0.000754511
0.000756884	0.000756895	0.000758065	0.000756958	0.000756237	0.000756654	0.000757419	0.00075637	0.000756897	0.000757739	0.000758387	0.000754155
0.000756709	0.000756721	0.00075789	0.000756784	0.000756063	0.00075648	0.000757244	0.000756196	0.000756723	0.000757565	0.000758212	0.000753981
0.000754929	0.000754941	0.000756107	0.000755003	0.000754285	0.0007547	0.000755463	0.000754417	0.000754943	0.000755782	0.000756428	0.000752207
0.000748932	0.000748944	0.000750101	0.000749006	0.000748293	0.000748705	0.000749462	0.000748424	0.000748946	0.000749779	0.000750419	0.000746232
0.000740759	0.000740771	0.000741915	0.000740832	0.000740127	0.000740535	0.000741283	0.000740256	0.000740772	0.000741596	0.00074223	0.000738088
0.000709414	0.000709425	0.000710521	0.000709483	0.000708808	0.000709199	0.000709915	0.000708932	0.000709427	0.000710216	0.000710823	0.000706856
0.000648406	0.000648416	0.000649418	0.00064847	0.000647853	0.00064821	0.000648864	0.000647966	0.000648418	0.000649139	0.000649694	0.000646068
0.000599057	0.000599066	0.000599992	0.000599116	0.000598546	0.000598876	0.000599481	0.000598651	0.000599068	0.000599734	0.000600247	0.000596897
0.000591953	0.000591962	0.000592877	0.000592011	0.000591448	0.000591774	0.000592372	0.000591551	0.000591964	0.000592622	0.000593129	0.000589819
0.00061869	0.0006187	0.000619656	0.000618751	0.000618162	0.000618503	0.000619128	0.00061827	0.000618702	0.00061939	0.000619919	0.00061646
0.000642172	0.000642182	0.000643174	0.000642235	0.000641624	0.000641977	0.000642626	0.000641736	0.000642183	0.000642898	0.000643447	0.000639856
0.000660986	0.000660996	0.000662017	0.000661051	0.000660422	0.000660786	0.000661453	0.000660537	0.000660998	0.000661733	0.000662299	0.000658603
0.000666598	0.000666608	0.000667638	0.000666663	0.000666029	0.000666396	0.000667069	0.000666145	0.00066661	0.000667351	0.000667922	0.000664194
0.00066131	0.00066132	0.000662342	0.000661375	0.000660745	0.00066111	0.000661778	0.000660861	0.000661322	0.000662058	0.000662623	0.000658926
0.000659605	0.000659615	0.000660634	0.00065967	0.000659042	0.000659405	0.000660071	0.000659157	0.000659617	0.000660351	0.000660915	0.000657227
0.000673369	0.00067338	0.00067442	0.000673436	0.000672795	0.000673165	0.000673846	0.000672912	0.000673382	0.000674131	0.000674707	0.000670942
0.000692452	0.000692463	0.000693532	0.00069252	0.000691861	0.000692242	0.000692942	0.000691982	0.000692465	0.000693235	0.000693827	0.000689955
0.000700106	0.000700117	0.000701198	0.000700175	0.000699508	0.000699894	0.000700601	0.000699631	0.000700119	0.000700898	0.000701496	0.000697582
0.000691478	0.000691489	0.000692557	0.000691546	0.000690888	0.000691268	0.000691967	0.000691009	0.00069149	0.00069226	0.000692851	0.000688985
0.000676541	0.000676551	0.000677596	0.000676607	0.000675963	0.000676336	0.000677019	0.000676082	0.000676553	0.000677306	0.000677884	0.000674101
0.000667896	0.000667906	0.000668938	0.000667962	0.000667326	0.000667694	0.000668368	0.000667443	0.000667908	0.000668651	0.000669222	0.000665488
0.000667091	0.000667101	0.000668132	0.000667156	0.000666521	0.000666889	0.000667562	0.000666638	0.000667103	0.000667845	0.000668416	0.000664685
0.000673516	0.000673527	0.000674567	0.000673582	0.000672941	0.000673312	0.000673992	0.000673059	0.000673528	0.000674278	0.000674854	0.000671088
0.000686476	0.000686486	0.000687547	0.000686543	0.00068589	0.000686268	0.000686961	0.00068601	0.000686488	0.000687252	0.000687839	0.000684
0.000694952	0.000694963	0.000696036	0.00069502	0.000694359	0.000694741	0.000695443	0.00069448	0.000694964	0.000695737	0.000696332	0.000692446
0.000696591	0.000696602	0.000697678	0.00069666	0.000695997	0.00069638	0.000697084	0.000696119	0.000696604	0.000697379	0.000697975	0.00069408
0.000700802	0.000700813	0.000701895	0.000700871	0.000700204	0.00070059	0.000701297	0.000700326	0.000700815	0.000701594	0.000702194	0.000698275
0.000704117	0.000704128	0.000705216	0.000704186	0.000703516	0.000703904	0.000704615	0.000703639	0.00070413	0.000704913	0.000705516	0.000701579
0.000706323	0.000706334	0.000707425	0.000706392	0.00070572	0.000706109	0.000706822	0.000705843	0.000706336	0.000707121	0.000707726	0.000703776
0.000707702	0.000707713	0.000708806	0.000707772	0.000707098	0.000707488	0.000708202	0.000707222	0.000707715	0.000708502	0.000709108	0.00070515
0.000706854	0.000706865	0.000707957	0.000706923	0.00070625	0.00070664	0.000707354	0.000706374	0.000706867	0.000707653	0.000708258	0.000704305
0.000706004	0.000706015	0.000707106	0.000706074	0.000705402	0.00070579	0.000706503	0.000705525	0.000706017	0.000706802	0.000707406	0.000703459
0.000702772	0.000702783	0.000703869	0.000702841	0.000702172	0.000702559	0.000703269	0.000702295	0.000702785	0.000703567	0.000704168	0.000700238
0.000696204	0.000696215	0.00069729	0.000696272	0.00069561	0.000695993	0.000696696	0.000695731	0.000696217	0.000696991	0.000697587	0.000693694
0.000681252	0.000681263	0.000682315	0.000681319	0.00068067	0.000681046	0.000681734	0.00068079	0.000681264	0.000682022	0.000682605	0.000678796
0.000647238	0.000647248	0.000648248	0.000647302	0.000646685	0.000647042	0.000647696	0.000646799	0.00064725	0.00064797	0.000648523	0.000644904
0.000585535	0.000585544	0.000586448	0.000585592	0.000585035	0.000585357	0.000585949	0.000585137	0.000585545	0.000586197	0.000586698	0.000583423
0.000519722	0.00051973	0.000520533	0.000519773	0.000519279	0.000519565	0.00052009	0.00051937	0.000519732	0.00052031	0.000520755	0.000517848
0.000479006	0.000479014	0.000479754	0.000479054	0.000478598	0.000478861	0.000479345	0.000478681	0.000479015	0.000479548	0.000479958	0.000477279
0.000476702	0.000476709	0.000477446	0.000476749	0.000476295	0.000476557	0.000477039	0.000476378	0.00047671	0.000477241	0.000477649	0.000474983
0.000515265	0.000515273	0.000516069	0.000515316	0.000514825	0.000515109	0.00051563	0.000514916	0.000515275	0.000515848	0.000516289	0.000513407
0.000559274	0.000559283	0.000560147	0.000559329	0.000558797	0.000559105	0.00055967	0.000558895	0.000559285	0.000559907	0.000560385	0.000557258
0.000569661	0.00056967	0.00057055	0.000569717	0.000569174	0.000569488	0.000570064	0.000569274	0.000569671	0.000570305	0.000570792	0.000567607
0.000549815	0.000549823	0.000550672	0.000549869	0.000549345	0.000549648	0.000550203	0.000549441	0.000549825	0.000550436	0.000550907	0.000547832
0.00052798	0.000527988	0.000528804	0.000528032	0.000527529	0.00052782	0.000528353	0.000527622	0.00052799	0.000528577	0.000529029	0.000526076
0.000526672	0.000526681	0.000527494	0.000526724	0.000526223	0.000526513	0.000527045	0.000526315	0.000526682	0.000527268	0.000527718	0.000524773
0.000532821	0.000532829	0.000533652	0.000532873	0.000532366	0.000532659	0.000533198	0.000532459	0.00053283	0.000533423	0.000533879	0.0005309
0.000538394	0.000538403	0.000539234	0.000538447	0.000537935	0.000538231	0.000538775	0.000538029	0.000538404	0.000539003	0.000539463	0.000536453
0.000541538	0.000541547	0.000542383	0.000541591	0.000541076	0.000541374	0.000541921	0.000541171	0.000541548	0.00054215	0.000542614	0.000539586
0.000547872	0.000547881	0.000548727	0.000547926	0.000547404	0.000547706	0.000548259	0.0005475	0.000547882	0.000548491	0.00054896	0.000545897
0.000558712	0.000558721	0.000559584	0.000558767	0.000558235	0.000558543	0.000559107	0.000558333	0.000558722	0.000559344	0.000559822	0.000556698
0.0005841	0.000584109	0.000585011	0.000584157	0.000583601	0.000583923	0.000584513	0.000583703	0.00058411	0.00058476	0.00058526	0.000581994
0.000616101	0.000616111	0.000617062	0.000616161	0.000615575	0.000615914	0.000616537	0.000615683	0.000616112	0.000616797	0.000617325	0.00061388
0.000648268	0.000648278	0.00064928	0.000648332	0.000647715	0.000648072	0.000648727	0.000647828	0.00064828	0.000649001	0.000649556	0.000645931
0.000662739	0.00066275	0.000663773	0.000662804	0.000662173	0.000662538	0.000663208	0.000662289	0.000662751	0.000663489	0.000664055	0.00066035
0.000663705	0.000663715	0.00066474	0.00066377	0.000663138	0.000663504	0.000664174	0.000663254	0.000663717	0.000664455	0.000665023	0.000661312
0.000663254	0.000663264	0.000664289	0.000663319	0.000662688	0.000663053	0.000663723	0.000662804	0.000663266	0.000664004	0.000664571	0.000660862
0.000667744	0.000667755	0.000668786	0.00066781	0.000667174	0.000667542	0.000668216	0.000667291	0.000667756	0.000668499	0.000669071	0.000665337
0.000671434	0.000671444	0.000672482	0.0006715	0.000670861	0.00067123	0.000671909	0.000670978	0.000671446	0.000672193	0.000672767	0.000669013
0.00067631	0.00067632	0.000677365	0.000676376	0.000675733	0.000676105	0.000676788	0.000675851	0.000676322	0.000677075	0.000677653	0.000673871
0.000678789	0.000678799	0.000679848	0.000678856	0.000678209	0.000678583	0.000679269	0.000678328	0.000678801	0.000679556	0.000680137	0.000676341
0.000684846	0.000684856	0.000685914	0.000684913	0.000684261	0.000684638	0.00068533	0.000684381	0.000684858	0.00068562	0.000686206	0.000682376
0.000693309	0.00069332	0.00069439	0.000693377	0.000692717	0.000693099	0.000693799	0.000692838	0.000693321	0.000694093	0.000694686	0.000690809
0.000700428	0.000700439	0.000701521	0.000700497	0.00069983	0.000700216	0.000700923	0.000699953	0.000700441	0.00070122	0.000701819	0.000697903
0.000705254	0.000705265	0.000706354	0.000705323	0.000704652	0.00070504	0.000705753	0.000704775	0.000705267	0.000706051	0.000706655	0.000702711
0.00070735	0.000707361	0.000708454	0.000707419	0.000706746	0.000707136	0.00070785	0.00070687	0.000707363	0.00070815	0.000708755	0.0007048
0.000707665	0.000707676	0.000708769	0.000707735	0.000707061	0.000707451	0.000708165	0.000707185	0.000707678	0.000708465	0.00070907	0.000705113
0.000710188	0.000710199	0.000711296	0.000710258	0.000709582	0.000709973	0.00071069	0.000709706	0.000710201	0.000710991	0.000711599	0.000707628
0.000707898	0.00070791	0.000709003	0.000707968	0.000707294	0.000707684	0.000708399	0.000707418	0.000707911	0.000708699	0.000709304	0.000705346
0.000706318	0.000706329	0.00070742	0.000706388	0.000705715	0.000706104	0.000706818	0.000705839	0.000706331	0.000707117	0.000707721	0.000703772
0.000703026	0.000703037	0.000704123	0.000703095	0.000702426	0.000702813	0.000703523	0.000702549	0.000703039	0.000703821	0.000704423	0.000700492
0.000702444	0.000702455	0.00070354	0.000702513	0.000701844	0.000702231	0.00070294	0.000701967	0.000702457	0.000703238	0.000703839	0.000699911
0.000704919	0.00070493	0.000706019	0.000704988	0.000704317	0.000704705	0.000705417	0.000704441	0.000704932	0.000705716	0.000706319	0.000702377
0.00070605	0.000706061	0.000707151	0.000706119	0.000705447	0.000705836	0.000706549	0.000705571	0.000706063	0.000706848	0.000707452	0.000703504
0.000705314	0.000705325	0.000706415	0.000705384	0.000704712	0.000705101	0.000705813	0.000704836	0.000705327	0.000706112	0.000706715	0.000702771
0.000703516	0.000703527	0.000704614	0.000703585	0.000702916	0.000703303	0.000704014	0.000703039	0.000703529	0.000704312	0.000704914	0.00070098
0.000700785	0.000700796	0.000701879	0.000700854	0.000700187	0.000700573	0.000701281	0.00070031	0.000700798	0.000701578	0.000702177	0.000698259
0.000677883	0.000677893	0.00067894	0.000677949	0.000677304	0.000677677	0.000678362	0.000677423	0.000677895	0.000678649	0.000679229	0.000675438
0.000577579	0.000577588	0.00057848	0.000577635	0.000577086	0.000577404	0.000577987	0.000577187	0.000577589	0.000578232	0.000578726	0.000575496
0.000403465	0.000403472	0.000404095	0.000403505	0.000403121	0.000403343	0.000403751	0.000403191	0.000403473	0.000403921	0.000404267	0.00040201
0.000263091	0.000263095	0.000263501	0.000263117	0.000262866	0.000263011	0.000263277	0.000262912	0.000263095	0.000263388	0.000263613	0.000262142
0.000225908	0.000225912	0.000226261	0.00022593	0.000225715	0.00022584	0.000226068	0.000225755	0.000225912	0.000226164	0.000226357	0.000225094
0.000259984	0.000259988	0.000260389	0.000260009	0.000259762	0.000259905	0.000260167	0.000259807	0.000259988	0.000260278	0.0002605	0.000259046
0.000299078	0.000299083	0.000299545	0.000299107	0.000298823	0.000298987	0.000299289	0.000298875	0.000299083	0.000299416	0.000299672	0.000298
0.000351693	0.000351699	0.000352242	0.000351728	0.000351393	0.000351586	0.000351942	0.000351454	0.000351699	0.000352091	0.000352392	0.000350425
0.000437366	0.000437372	0.000438048	0.000437409	0.000436992	0.000437233	0.000437675	0.000437069	0.000437374	0.00043786	0.000438234	0.000435789
0.000527204	0.000527213	0.000528027	0.000527256	0.000526754	0.000527045	0.000527577	0.000526847	0.000527214	0.0005278	0.000528252	0.000525304
0.000599109	0.000599118	0.000600044	0.000599168	0.000598598	0.000598928	0.000599533	0.000598703	0.00059912	0.000599786	0.000600299	0.000596949
0.000644703	0.000644713	0.000645709	0.000644766	0.000644153	0.000644508	0.000645159	0.000644266	0.000644715	0.000645432	0.000645984	0.000642379
0.000668464	0.000668475	0.000669507	0.00066853	0.000667893	0.000668262	0.000668937	0.00066801	0.000668476	0.00066922	0.000669792	0.000666054
0.000681621	0.000681631	0.000682684	0.000681688	0.000681039	0.000681414	0.000682103	0.000681158	0.000681633	0.000682391	0.000682974	0.000679163
0.000687901	0.000687912	0.000688975	0.000687969	0.000687314	0.000687693	0.000688388	0.000687435	0.000687914	0.000688679	0.000689268	0.000685421
0.000691026	0.000691037	0.000692104	0.000691094	0.000690436	0.000690816	0.000691514	0.000690557	0.000691038	0.000691807	0.000692398	0.000688534
0.000691156	0.000691167	0.000692234	0.000691224	0.000690566	0.000690947	0.000691645	0.000690687	0.000691168	0.000691937	0.000692529	0.000688664
0.00069063	0.000690641	0.000691707	0.000690698	0.00069004	0.000690421	0.000691118	0.000690161	0.000690642	0.000691411	0.000692002	0.00068814
0.000690337	0.000690348	0.000691414	0.000690405	0.000689748	0.000690128	0.000690825	0.000689869	0.00069035	0.000691118	0.000691708	0.000687848
0.000691105	0.000691116	0.000692184	0.000691173	0.000690515	0.000690896	0.000691594	0.000690636	0.000691118	0.000691887	0.000692478	0.000688614
0.000690639	0.00069065	0.000691717	0.000690707	0.00069005	0.00069043	0.000691128	0.000690171	0.000690652	0.00069142	0.000692011	0.000688149
0.000692152	0.000692163	0.000693232	0.00069222	0.000691562	0.000691943	0.000692642	0.000691683	0.000692165	0.000692935	0.000693527	0.000689657
0.000693291	0.000693302	0.000694373	0.000693359	0.000692699	0.000693081	0.000693781	0.000692821	0.000693304	0.000694075	0.000694668	0.000690791
0.000692644	0.000692655	0.000693724	0.000692712	0.000692052	0.000692434	0.000693134	0.000692174	0.000692656	0.000693427	0.000694019	0.000690146
0.000693288	0.000693299	0.00069437	0.000693356	0.000692697	0.000693078	0.000693779	0.000692818	0.000693301	0.000694072	0.000694665	0.000690789
0.000694055	0.000694066	0.000695138	0.000694123	0.000693462	0.000693845	0.000694546	0.000693584	0.000694067	0.00069484	0.000695433	0.000691552
0.00069269	0.000692701	0.000693771	0.000692758	0.000692099	0.00069248	0.00069318	0.00069222	0.000692703	0.000693473	0.000694066	0.000690193
0.000688455	0.000688466	0.000689529	0.000688523	0.000687867	0.000688246	0.000688942	0.000687988	0.000688467	0.000689233	0.000689822	0.000685973
0.000684562	0.000684573	0.00068563	0.00068463	0.000683978	0.000684355	0.000685046	0.000684098	0.000684575	0.000685336	0.000685922	0.000682094
0.000681334	0.000681345	0.000682397	0.000681401	0.000680753	0.000681128	0.000681816	0.000680872	0.000681346	0.000682104	0.000682687	0.000678878
0.000673122	0.000673132	0.000674172	0.000673188	0.000672547	0.000672918	0.000673598	0.000672665	0.000673134	0.000673883	0.000674459	0.000670695
0.000661391	0.000661402	0.000662423	0.000661456	0.000660827	0.000661191	0.000661859	0.000660942	0.000661403	0.000662139	0.000662705	0.000659007
0.000653078	0.000653088	0.000654097	0.000653142	0.000652521	0.00065288	0.00065354	0.000652635	0.00065309	0.000653816	0.000654375	0.000650723
0.00064902	0.00064903	0.000650033	0.000649084	0.000648466	0.000648823	0.000649479	0.000648579	0.000649032	0.000649754	0.000650309	0.00064668
0.000646315	0.000646325	0.000647324	0.000646379	0.000645764	0.000646119	0.000646772	0.000645877	0.000646327	0.000647046	0.000647599	0.000643985
0.000646508	0.000646518	0.000647517	0.000646572	0.000645956	0.000646312	0.000646965	0.00064607	0.00064652	0.000647239	0.000647792	0.000644177
0.000650556	0.000650566	0.000651571	0.00065062	0.000650001	0.000650359	0.000651016	0.000650114	0.000650568	0.000651291	0.000651848	0.00064821
0.000654446	0.000654456	0.000655467	0.00065451	0.000653887	0.000654248	0.000654909	0.000654002	0.000654458	0.000655186	0.000655746	0.000652086
0.000663967	0.000663977	0.000665003	0.000664032	0.0006634	0.000663765	0.000664436	0.000663516	0.000663979	0.000664717	0.000665285	0.000661573
0.000695158	0.000695169	0.000696243	0.000695226	0.000694565	0.000694947	0.00069565	0.000694686	0.000695171	0.000695944	0.000696539	0.000692652
0.000766099	0.000766111	0.000767294	0.000766174	0.000765445	0.000765867	0.000766641	0.000765579	0.000766113	0.000766965	0.000767621	0.000763337
0.000868312	0.000868325	0.000869667	0.000868397	0.000867571	0.000868049	0.000868926	0.000867723	0.000868328	0.000869294	0.000870036	0.000865181
0.000957788	0.000957803	0.000959283	0.000957882	0.000956971	0.000957498	0.000958465	0.000957138	0.000957805	0.000958871	0.00095969	0.000954335
0.000967238	0.000967253	0.000968747	0.000967333	0.000966412	0.000966945	0.000967922	0.000966581	0.000967255	0.000968331	0.000969159	0.00096375
0.000908975	0.000908989	0.000910393	0.000909065	0.000908199	0.0009087	0.000909618	0.000908358	0.000908992	0.000910003	0.000910781	0.000905698
0.000815315	0.000815328	0.000816587	0.000815395	0.000814619	0.000815068	0.000815892	0.000814762	0.00081533	0.000816237	0.000816934	0.000812375
